byte_41836C is:
00 00 00 00     00 00 00 00     
00 00 00 00     00 00 01 00     
00 00 00 00     00 00 00 00     
00 00 00 00     00 00 00 00     
00 00 00 00     00 00 00 00     
00 00 00 00     00 00 00 00     
00 00 00 00     00 00 00 00     
00 00 00 00     00 01 01 00     
00 00 00 00     00 00 00 00     
00 00 00 00     00 00 00 00     
00 00 00 00     00 00 00 00     
00 00 00 00     00 01 01 00     
00 00 00 00     00 00 00 00     
00 00 00 00     00 00 00 00     
00 00 00 00     00 00 00 00     
00 00 00 00     00 00 00 00 
byte_417FB8 is:
00 01 00 01     01 01 00 01     
00 00 01 01     01 00 00 00     
00 00 01 00     01 01 01 01     
01 00 00 00     01 00 00 00     
00 01 00 01     01 00 00 01     
01 01 00 01     01 00 00 00 
byte_41836C is:
00 00 00 00     00 00 00 00     
00 00 00 00     00 00 00 00     
00 00 00 00     00 00 00 00     
00 00 00 00     00 01 01 00     
00 00 00 00     00 01 00 00     
01 00 00 00     00 00 01 01     
00 00 00 00     01 00 01 01     
01 01 01 00     01 00 01 01     
00 00 00 00     00 01 00 00     
01 00 00 00     00 00 01 01     
00 00 00 00     01 00 01 01     
01 01 01 00     01 00 01 01     
00 00 00 00     00 00 00 00     
00 00 00 00     00 00 00 00     
00 00 00 00     00 00 00 00     
00 00 00 00     00 00 00 00 
byte_417FB8 is:
01 01 00 00     01 00 00 01     
00 00 00 01     01 00 01 01     
01 00 01 00     01 00 01 00     
00 01 00 00     01 00 00 00     
00 01 00 01     00 01 01 01     
00 00 01 01     00 01 01 00 
byte_41836C is:
00 00 00 00     00 01 00 00     
01 00 00 00     00 00 01 01     
00 00 00 00     01 00 01 01     
01 01 01 00     01 00 01 01     
01 00 01 00     01 00 00 00     
01 01 00 01     01 01 00 00     
01 00 00 00     01 01 00 00     
00 01 01 01     01 01 01 00     
01 00 01 00     01 00 00 00     
01 01 00 01     01 01 00 00     
01 00 00 00     01 01 00 00     
00 01 01 01     01 01 01 00     
00 00 00 00     00 00 00 00     
00 00 00 00     00 00 00 00     
00 00 00 00     00 00 00 00     
00 00 00 00     00 00 00 00 
byte_417FB8 is:
01 00 00 00     00 01 00 01     
01 00 01 00     00 01 01 00     
00 01 01 00     00 01 01 00     
01 01 01 00     00 01 00 01     
00 01 01 00     01 00 00 01     
01 00 01 00     00 01 00 01 
byte_41836C is:
01 00 01 00     01 00 00 00     
01 01 00 01     01 01 00 00     
01 00 00 00     01 01 00 00     
00 01 01 01     01 01 01 00     
00 00 00 00     01 01 01 01     
00 00 00 01     00 00 00 00     
01 00 00 00     01 00 00 00     
00 01 00 00     00 00 00 00     
00 00 00 00     01 01 01 01     
00 00 00 01     00 00 00 00     
01 00 00 00     01 00 00 00     
00 01 00 00     00 00 00 00     
00 00 00 00     00 00 00 00     
00 00 00 00     00 00 00 00     
00 00 00 00     00 00 00 00     
00 00 00 00     00 00 00 00 
byte_417FB8 is:
00 00 01 01     00 00 00 00     
00 01 01 00     00 01 01 00     
01 01 00 00     00 00 01 01     
00 01 01 01     00 01 00 00     
01 00 00 01     00 01 00 00     
00 00 00 01     00 01 01 00 
byte_41836C is:
00 00 00 00     01 01 01 01     
00 00 00 01     00 00 00 00     
01 00 00 00     01 00 00 00     
00 01 00 00     00 00 00 00     
01 01 01 00     00 01 01 01     
00 01 01 01     00 01 01 00     
01 00 01 00     01 00 01 01     
00 00 00 00     00 00 00 00     
01 01 01 00     00 01 01 01     
00 01 01 01     00 01 01 00     
01 00 01 00     01 00 01 01     
00 00 00 00     00 00 00 00     
00 00 00 00     00 00 00 00     
00 00 00 00     00 00 00 00     
00 00 00 00     00 00 00 00     
00 00 00 00     00 00 00 00 
byte_417FB8 is:
01 00 00 01     00 00 01 00     
01 00 00 01     00 00 01 01     
00 00 00 00     01 00 01 01     
01 01 00 00     01 00 00 00     
00 01 01 00     01 01 00 00     
01 00 01 00     00 00 01 01 
byte_41836C is:
01 01 01 00     00 01 01 01     
00 01 01 01     00 01 01 00     
01 00 01 00     01 00 01 01     
00 00 00 00     00 00 00 00     
01 01 01 01     01 00 00 00     
01 01 01 00     00 00 00 01     
00 01 01 01     00 01 01 01     
00 00 00 00     01 01 00 01     
01 01 01 01     01 00 00 00     
01 01 01 00     00 00 00 01     
00 01 01 01     00 01 01 01     
00 00 00 00     01 01 00 01     
00 00 00 00     00 00 00 00     
00 00 00 00     00 00 00 00     
00 00 00 00     00 00 00 00     
00 00 00 00     00 00 00 00 
byte_417FB8 is:
00 01 00 00     00 01 01 01     
01 00 01 01     00 00 00 00     
00 01 00 01     00 01 01 00     
01 00 01 01     00 01 01 00     
01 00 00 00     00 00 01 00     
00 00 00 01     01 01 01 00 
byte_41836C is:
01 01 01 01     01 00 00 00     
01 01 01 00     00 00 00 01     
00 01 01 01     00 01 01 01     
00 00 00 00     01 01 00 01     
00 01 01 00     00 00 00 01     
01 01 00 00     00 01 00 01     
01 01 01 01     00 01 00 00     
01 00 01 01     00 00 00 01     
00 01 01 00     00 00 00 01     
01 01 00 00     00 01 00 01     
01 01 01 01     00 01 00 00     
01 00 01 01     00 00 00 01     
00 00 00 00     00 00 00 00     
00 00 00 00     00 00 00 00     
00 00 00 00     00 00 00 00     
00 00 00 00     00 00 00 00 
byte_417FB8 is:
01 01 01 01     00 01 00 00     
00 01 01 00     01 00 00 00     
00 00 01 01     00 00 00 00     
01 01 00 00     01 00 00 00     
00 01 01 01     00 01 00 01     
00 01 01 01     00 01 01 00 
byte_41836C is:
00 01 01 00     00 00 00 01     
01 01 00 00     00 01 00 01     
01 01 01 01     00 01 00 00     
01 00 01 01     00 00 00 01     
00 00 00 01     00 01 01 01     
01 00 00 01     01 00 00 00     
01 01 01 00     01 01 00 00     
00 01 01 01     01 01 00 01     
00 00 00 01     00 01 01 01     
01 00 00 01     01 00 00 00     
01 01 01 00     01 01 00 00     
00 01 01 01     01 01 00 01     
00 00 00 00     00 00 00 00     
00 00 00 00     00 00 00 00     
00 00 00 00     00 00 00 00     
00 00 00 00     00 00 00 00 
byte_417FB8 is:
00 01 01 00     01 01 00 01     
00 01 01 00     01 01 00 01     
01 00 00 00     00 01 00 01     
01 01 00 01     00 01 00 00     
00 00 00 00     00 01 01 00     
00 01 01 01     01 00 00 01 
byte_41836C is:
00 00 00 01     00 01 01 01     
01 00 00 01     01 00 00 00     
01 01 01 00     01 01 00 00     
00 01 01 01     01 01 00 01     
01 01 01 01     00 00 00 01     
01 00 00 00     01 01 01 00     
00 00 01 01     01 00 00 01     
01 01 01 00     01 00 01 01     
01 01 01 01     00 00 00 01     
01 00 00 00     01 01 01 00     
00 00 01 01     01 00 00 01     
01 01 01 00     01 00 01 01     
00 00 00 00     00 00 00 00     
00 00 00 00     00 00 00 00     
00 00 00 00     00 00 00 00     
00 00 00 00     00 00 00 00 
byte_417FB8 is:
00 01 01 00     01 00 00 00     
01 01 01 00     01 00 00 01     
00 01 01 00     00 01 01 01     
00 00 01 01     01 00 00 00     
00 00 00 00     01 01 00 00     
01 01 00 00     01 01 01 01 
byte_41836C is:
01 01 01 01     00 00 00 01     
01 00 00 00     01 01 01 00     
00 00 01 01     01 00 00 01     
01 01 01 00     01 00 01 01     
00 00 00 00     00 00 00 01     
00 01 00 00     01 01 00 01     
01 01 01 01     01 01 00 01     
01 01 00 00     00 01 01 01     
00 00 00 00     00 00 00 01     
00 01 00 00     01 01 00 01     
01 01 01 01     01 01 00 01     
01 01 00 00     00 01 01 01     
00 00 00 00     00 00 00 00     
00 00 00 00     00 00 00 00     
00 00 00 00     00 00 00 00     
00 00 00 00     00 00 00 00 
byte_417FB8 is:
00 01 01 00     01 01 00 01     
00 00 01 00     01 00 00 01     
00 00 00 00     01 00 00 00     
01 01 00 00     01 01 01 00     
01 00 01 00     01 01 01 01     
00 01 01 00     01 01 00 01 
byte_41836C is:
00 00 00 00     00 00 00 01     
00 01 00 00     01 01 00 01     
01 01 01 01     01 01 00 01     
01 01 00 00     00 01 01 01     
01 00 00 00     01 00 01 00     
01 00 00 00     01 00 01 01     
01 01 01 01     01 01 00 01     
00 01 01 01     01 00 00 01     
01 00 00 00     01 00 01 00     
01 00 00 00     01 00 01 01     
01 01 01 01     01 01 00 01     
00 01 01 01     01 00 00 01     
00 00 00 00     00 00 00 00     
00 00 00 00     00 00 00 00     
00 00 00 00     00 00 00 00     
00 00 00 00     00 00 00 00 
byte_417FB8 is:
01 01 01 00     00 00 01 00     
01 00 00 00     01 01 01 00     
01 01 00 01     01 00 01 00     
01 00 01 01     01 00 00 01     
00 00 01 00     00 00 01 01     
01 01 00 01     00 01 00 01 
byte_41836C is:
01 00 00 00     01 00 01 00     
01 00 00 00     01 00 01 01     
01 01 01 01     01 01 00 01     
00 01 01 01     01 00 00 01     
00 01 00 01     00 01 00 00     
00 01 00 00     00 01 01 00     
01 01 00 00     01 00 01 01     
01 00 01 00     01 01 00 00     
00 01 00 01     00 01 00 00     
00 01 00 00     00 01 01 00     
01 01 00 00     01 00 01 01     
01 00 01 00     01 01 00 00     
00 00 00 00     00 00 00 00     
00 00 00 00     00 00 00 00     
00 00 00 00     00 00 00 00     
00 00 00 00     00 00 00 00 
byte_417FB8 is:
00 00 01 01     00 00 00 01     
01 00 01 01     00 00 01 01     
01 01 00 01     01 01 01 01     
00 00 01 00     00 00 00 01     
00 01 00 01     00 00 00 00     
01 00 00 00     00 01 00 00 
byte_41836C is:
00 01 00 01     00 01 00 00     
00 01 00 00     00 01 01 00     
01 01 00 00     01 00 01 01     
01 00 01 00     01 01 00 00     
00 00 01 01     00 00 00 00     
00 00 00 00     00 01 01 01     
01 00 00 01     01 00 01 00     
01 00 01 01     00 01 01 00     
00 00 01 01     00 00 00 00     
00 00 00 00     00 01 01 01     
01 00 00 01     01 00 01 00     
01 00 01 01     00 01 01 00     
00 00 00 00     00 00 00 00     
00 00 00 00     00 00 00 00     
00 00 00 00     00 00 00 00     
00 00 00 00     00 00 00 00 
byte_417FB8 is:
00 00 01 00     00 01 01 00     
00 01 00 00     01 01 00 00     
01 01 01 01     00 01 01 00     
01 01 01 00     00 01 01 00     
01 01 00 00     00 01 00 01     
00 01 01 01     00 01 00 01 
byte_41836C is:
00 00 01 01     00 00 00 00     
00 00 00 00     00 01 01 01     
01 00 00 01     01 00 01 00     
01 00 01 01     00 01 01 00     
00 00 00 00     01 00 01 01     
01 00 00 01     00 01 01 01     
00 00 00 01     00 00 00 00     
00 01 01 01     00 00 00 00     
00 00 00 00     01 00 01 01     
01 00 00 01     00 01 01 01     
00 00 00 01     00 00 00 00     
00 01 01 01     00 00 00 00     
00 00 00 00     00 00 00 00     
00 00 00 00     00 00 00 00     
00 00 00 00     00 00 00 00     
00 00 00 00     00 00 00 00 
byte_417FB8 is:
01 01 00 01     00 00 01 00     
00 00 00 01     01 01 00 01     
01 00 01 00     00 00 01 00     
01 01 00 00     01 00 00 01     
01 01 00 01     00 01 01 01     
01 00 00 00     00 00 01 01 
byte_41836C is:
00 00 00 00     01 00 01 01     
01 00 00 01     00 01 01 01     
00 00 00 01     00 00 00 00     
00 01 01 01     00 00 00 00     
00 00 00 01     01 00 01 01     
01 01 01 00     01 01 00 00     
01 01 01 00     00 00 01 01     
01 00 00 00     00 01 00 00     
00 00 00 01     01 00 01 01     
01 01 01 00     01 01 00 00     
01 01 01 00     00 00 01 01     
01 00 00 00     00 01 00 00     
00 00 00 00     00 00 00 00     
00 00 00 00     00 00 00 00     
00 00 00 00     00 00 00 00     
00 00 00 00     00 00 00 00 
byte_417FB8 is:
00 00 00 00     00 01 00 01     
01 01 01 01     00 00 00 00     
01 01 00 00     01 01 00 00     
00 01 01 01     01 01 01 00     
00 01 01 01     00 00 00 01     
00 00 01 00     00 01 00 00 
byte_41836C is:
00 00 00 01     01 00 01 01     
01 01 01 00     01 01 00 00     
01 01 01 00     00 00 01 01     
01 00 00 00     00 01 00 00     
01 00 00 01     01 01 01 01     
01 00 00 01     00 00 01 00     
00 01 00 01     00 01 00 00     
01 00 00 00     01 01 00 00     
01 00 00 01     01 01 01 01     
01 00 00 01     00 00 01 00     
00 01 00 01     00 01 00 00     
01 00 00 00     01 01 00 00     
00 00 00 00     00 00 00 00     
00 00 00 00     00 00 00 00     
00 00 00 00     00 00 00 00     
00 00 00 00     00 00 00 00 
byte_417FB8 is:
01 00 01 01     00 01 00 00     
01 00 00 01     01 00 00 00     
01 00 01 00     00 01 00 01     
00 00 01 01     01 01 01 00     
01 01 00 00     00 00 00 00     
00 01 01 00     01 00 01 01 
